Camera 0:
R:
[[1. 0. 0.]
 [0. 1. 0.]
 [0. 0. 1.]]
t:
[0. 0. 0.]

Camera 1:
R:
[[ 0.99569747 -0.05423173  0.07513628]
 [ 0.0509565   0.99769358  0.0448437 ]
 [-0.07739494 -0.04082208  0.99616443]]
t:
[-0.68502826  0.35744605  0.63479808]

Camera 2:
R:
[[ 0.99057229 -0.08597765  0.10665077]
 [ 0.07651301  0.9930099   0.08987267]
 [-0.11363231 -0.0808652   0.9902265 ]]
t:
[-2.1808189  -0.43115774  1.87987097]

Camera 3:
R:
[[ 0.97052577 -0.15311638  0.18610506]
 [ 0.13890767  0.98645821  0.08720582]
 [-0.19693751 -0.05878407  0.97865216]]
t:
[-3.68223634 -1.26133736  2.81064883]

Camera 4:
R:
[[ 0.94520729 -0.20993014  0.25002502]
 [ 0.18681641  0.97586062  0.11311798]
 [-0.26773645 -0.06021117  0.96160897]]
t:
[-5.16699594 -1.95388731  3.78755202]

Camera 5:
R:
[[ 0.87429618 -0.31291606  0.37106565]
 [ 0.27826361  0.94948833  0.14505611]
 [-0.39771289 -0.02356794  0.91720718]]
t:
[-6.2280565  -2.65600913  4.75528571]

Camera 6:
R:
[[ 0.80935564 -0.38171836  0.44635696]
 [ 0.34309971  0.9241217   0.16817154]
 [-0.47668232  0.01703437  0.87891057]]
t:
[-8.00721744 -3.46413999  5.82514411]

Camera 7:
R:
[[ 0.75564482 -0.42918624  0.49477276]
 [ 0.38277303  0.90234472  0.19813838]
 [-0.53149385  0.03966343  0.84613303]]
t:
[-10.49390897  -4.32182551   6.57369125]

Camera 8:
R:
[[ 0.63439848 -0.51479712  0.57664763]
 [ 0.45061017  0.85240714  0.26524054]
 [-0.62808363  0.09157509  0.77273861]]
t:
[-10.75493421  -5.58962425   7.40461553]

Camera 9:
R:
[[ 0.53135789 -0.56877771  0.62781424]
 [ 0.48567922  0.81173657  0.32434463]
 [-0.69409977  0.13257326  0.70756614]]
t:
[-10.77536716  -6.41285638   9.20994202]

Camera 10:
R:
[[ 0.51749232 -0.58229911  0.62700036]
 [ 0.47036451  0.80568786  0.36003376]
 [-0.71481391  0.10860401  0.69083011]]
t:
[-12.62294494  -6.60458015   9.46208526]

Camera 11:
R:
[[ 0.450634   -0.60633339  0.65520136]
 [ 0.55379901  0.76552389  0.32753601]
 [-0.70016831  0.215251    0.68075792]]
t:
[-13.73634467  -8.27895923   8.40366863]

Camera 12:
R:
[[ 0.45527438 -0.60630299  0.65201375]
 [ 0.52785926  0.77353593  0.35072321]
 [-0.71700059  0.18449621  0.67221374]]
t:
[-14.82943288  -7.06760345   9.01823777]

Camera 13:
R:
[[ 0.35501099 -0.64558972  0.67615169]
 [ 0.57291865  0.72177297  0.38834006]
 [-0.73873636  0.24951492  0.62610773]]
t:
[-14.32164182  -8.93920316   8.30349347]

Camera 14:
R:
[[ 0.17311831 -0.68483165  0.70783873]
 [ 0.56671744  0.65705804  0.49709766]
 [-0.80551933  0.31508785  0.50185481]]
t:
[-12.13876096 -10.09697201  10.75132584]

Camera 15:
R:
[[ 0.08002416 -0.70692239  0.70274951]
 [ 0.58758839  0.6029507   0.53962055]
 [-0.80519316  0.36974477  0.46363001]]
t:
[-12.30055029 -11.14636921  12.93348605]

Camera 16:
R:
[[-0.07660669 -0.6932099   0.71665295]
 [ 0.61741102  0.53140005  0.58001519]
 [-0.78290168  0.48690247  0.38728663]]
t:
[-11.93113979 -12.27881184  16.1492809 ]

Camera 17:
R:
[[-0.16360567 -0.69211481  0.70300091]
 [ 0.63061894  0.47462997  0.61404083]
 [-0.75865205  0.54378625  0.35880855]]
t:
[-11.88201853 -13.68990709  17.39073261]

Camera 18:
R:
[[-0.24973162 -0.68278091  0.68661805]
 [ 0.61953646  0.43229149  0.65520885]
 [-0.74418324  0.58901129  0.31505082]]
t:
[-12.10144241 -14.27061593  17.67582658]

Camera 19:
R:
[[-0.35318728 -0.66412446  0.6589366 ]
 [ 0.61078541  0.36982942  0.70011955]
 [-0.70866066  0.64974218  0.27501848]]
t:
[-11.02230254 -15.55038521  17.74856476]

Camera 20:
R:
[[-0.05031116 -0.68585095  0.72600087]
 [ 0.57099921  0.57664732  0.58432676]
 [-0.81940752  0.44394408  0.36260856]]
t:
[-11.0993146  -11.92791841  18.39738023]

Camera 21:
R:
[[-0.11899606 -0.68833753  0.71556368]
 [ 0.55508336  0.55142149  0.62274939]
 [-0.82323897  0.47130222  0.31646772]]
t:
[-11.45014186 -12.43037926  19.59495569]

Camera 22:
R:
[[-0.17980803 -0.68342545  0.70753002]
 [ 0.57869891  0.50813559  0.63789168]
 [-0.79547259  0.5241449   0.3041307 ]]
t:
[-10.91627978 -13.37709703  18.95727109]

Camera 23:
R:
[[-0.22452506 -0.67906455  0.69889902]
 [ 0.59489592  0.47253493  0.65023809]
 [-0.77180784  0.56176692  0.2978768 ]]
t:
[-10.84232843 -14.95425668  19.54536303]

Camera 24:
R:
[[-0.26888344 -0.67363031  0.68842131]
 [ 0.60530795  0.43777924  0.66479442]
 [-0.74920223  0.5954591   0.2900422 ]]
t:
[-11.96018648 -14.88572778  19.88837322]

Camera 25:
R:
[[-0.32550467 -0.66543898  0.67174227]
 [ 0.5609269   0.43602159  0.7037373 ]
 [-0.76118836  0.60586808  0.23133556]]
t:
[-12.62844944 -13.49022442  20.60647173]

Camera 26:
R:
[[-0.40995287 -0.64611855  0.64379302]
 [ 0.6008971   0.33969088  0.72355565]
 [-0.68619335  0.68347708  0.24899351]]
t:
[-11.74202847 -15.98509218  18.83350907]

Camera 27:
R:
[[-0.45442818 -0.63505188  0.62466322]
 [ 0.61143189  0.28759735  0.73718302]
 [-0.64780095  0.71693575  0.25759863]]
t:
[-11.73146286 -16.90202219  18.82885358]

Camera 28:
R:
[[-0.45621043 -0.64335348  0.6147913 ]
 [ 0.58336933  0.30548329  0.75256906]
 [-0.67197639  0.70198024  0.23594803]]
t:
[-12.62669157 -16.34602199  20.8441948 ]

Camera 29:
R:
[[-0.51390074 -0.61536089  0.59769307]
 [ 0.56392316  0.28270777  0.77592976]
 [-0.6464493   0.73580384  0.20173252]]
t:
[-11.61049846 -16.59169794  22.43613069]

Camera 30:
R:
[[-0.59758854 -0.57778184  0.55592812]
 [ 0.54893574  0.21055986  0.8089092 ]
 [-0.58442919  0.78856369  0.19133694]]
t:
[-10.05610368 -17.89430272  22.19560152]

Camera 31:
R:
[[-0.64391054 -0.55762681  0.52386215]
 [ 0.53504218  0.16124854  0.82929414]
 [-0.54690866  0.81427959  0.19452423]]
t:
[ -9.47734491 -19.10985827  22.01731339]

Camera 32:
R:
[[-0.67107766 -0.54352532  0.50421721]
 [ 0.52101316  0.13810372  0.84230199]
 [-0.52744674  0.82795385  0.19050552]]
t:
[ -9.60692288 -19.15790379  22.11137447]

Camera 33:
R:
[[-0.71788294 -0.52157397  0.46109075]
 [ 0.50038842  0.07388458  0.86264274]
 [-0.48399949  0.85000098  0.20794909]]
t:
[ -9.87014902 -20.2481576   20.79971352]

Camera 34:
R:
[[-0.7489725  -0.50431862  0.42977078]
 [ 0.47404798  0.04533244  0.87933127]
 [-0.46294569  0.86232691  0.20511847]]
t:
[-10.33596648 -20.31778269  20.55929038]

Camera 35:
R:
[[-0.79545373 -0.46524753  0.38832731]
 [ 0.45397822 -0.03299622  0.89040161]
 [-0.40144382  0.88456542  0.23745921]]
t:
[ -9.57574561 -21.52848004  19.28619732]

Camera 36:
R:
[[-0.83800498 -0.42964806  0.33637806]
 [ 0.41468287 -0.10077188  0.90436892]
 [-0.3546629   0.89735588  0.26261503]]
t:
[ -8.74077864 -22.04272138  18.03880471]

Camera 37:
R:
[[-0.82360974 -0.45622782  0.33693201]
 [ 0.4124939  -0.07413015  0.90793915]
 [-0.38925028  0.88676993  0.2492455 ]]
t:
[-10.0161238  -20.41348904  18.73035565]

Camera 38:
R:
[[-0.81954538 -0.45799276  0.34436608]
 [ 0.4228119  -0.07771439  0.90287904]
 [-0.38674987  0.88555243  0.25733526]]
t:
[ -9.78676256 -19.67223103  19.01640808]

Camera 39:
R:
[[-7.67390361e-01 -5.11604304e-01  3.86488124e-01]
 [ 4.49881450e-01 -1.30329405e-04  8.93088273e-01]
 [-4.56857434e-01  8.59221170e-01  2.30261300e-01]]
t:
[-11.62086808 -16.91090595  21.05096264]

Camera 40:
R:
[[-0.80659724 -0.41801614  0.41792751]
 [ 0.54813937 -0.26432983  0.79351936]
 [-0.22123319  0.86913304  0.44233882]]
t:
[-10.61095572 -16.66364473  10.76297495]

