Camera 0:
R:
[[1. 0. 0.]
 [0. 1. 0.]
 [0. 0. 1.]]
t:
[0. 0. 0.]

Camera 1:
R:
[[ 9.99951394e-01  9.87885761e-05  9.85899847e-03]
 [ 1.51284096e-05  9.99933252e-01 -1.15538771e-02]
 [-9.85948179e-03  1.15534646e-02  9.99884647e-01]]
t:
[-0.60597436  0.58464942 -0.53942574]

Camera 2:
R:
[[ 0.99666859  0.00114337  0.08155003]
 [ 0.00555273  0.99663032 -0.08183621]
 [-0.08136881  0.08201641  0.99330379]]
t:
[-3.92079699  2.74505815  0.01724333]

Camera 3:
R:
[[ 0.99152548  0.01425249  0.1291282 ]
 [ 0.00128266  0.99284136 -0.11943363]
 [-0.12990604  0.11858712  0.98440922]]
t:
[-7.01206732  4.00353575  0.87176156]

Camera 4:
R:
[[ 0.97196824  0.01113946  0.23484816]
 [ 0.00701568  0.99705801 -0.0763289 ]
 [-0.2350075   0.07583689  0.96903057]]
t:
[-11.72476885   2.49317265   0.96871164]

Camera 5:
R:
[[ 0.93559594 -0.03063413  0.35174107]
 [ 0.05967556  0.99561637 -0.07201994]
 [-0.3479929   0.08837191  0.93332274]]
t:
[-12.86712607   1.86789819   2.17684552]

Camera 6:
R:
[[ 0.89190962 -0.03569658  0.45080259]
 [ 0.07449445  0.99485845 -0.06860937]
 [-0.44603565  0.09477565  0.88998302]]
t:
[-15.11713273   1.77716469   3.93531005]

Camera 7:
R:
[[ 0.82521897 -0.06046284  0.56156736]
 [ 0.12403778  0.98938208 -0.07574778]
 [-0.55102475  0.13216407  0.82395654]]
t:
[-18.2283852   -0.15335436   5.9180314 ]

Camera 8:
R:
[[ 0.77802906 -0.06776358  0.62456295]
 [ 0.14047876  0.98775763 -0.06782753]
 [-0.61232059  0.14050962  0.77802349]]
t:
[-20.01330033  -1.45888569   7.48356512]

Camera 9:
R:
[[ 0.70288595 -0.09328925  0.70515847]
 [ 0.16463842  0.98577833 -0.03369385]
 [-0.69198666  0.13977911  0.70824873]]
t:
[-20.30906756  -2.06154011   9.37664554]

Camera 10:
R:
[[ 0.6237315  -0.10815449  0.7741199 ]
 [ 0.18365947  0.98293222 -0.01065167]
 [-0.75975536  0.14881823  0.63294938]]
t:
[-21.25998332  -2.64500594  11.19391683]

Camera 11:
R:
[[ 0.57311038 -0.1564696   0.80440149]
 [ 0.21967024  0.97501087  0.03314796]
 [-0.78948685  0.15770562  0.59316056]]
t:
[-22.56788821  -4.67607188  11.70162695]

Camera 12:
R:
[[ 0.49041445 -0.18455009  0.85172468]
 [ 0.2485833   0.96634198  0.0662534 ]
 [-0.83528439  0.1792329   0.51978414]]
t:
[-23.38977529  -5.85246384  12.74794992]

Camera 13:
R:
[[ 0.3828222  -0.18770186  0.90455247]
 [ 0.21275812  0.97073464  0.11139229]
 [-0.89898896  0.14980745  0.41155387]]
t:
[-23.55681362  -5.09774357  15.18449825]

Camera 14:
R:
[[ 0.30420954 -0.24033034  0.92179058]
 [ 0.24690374  0.95447688  0.16736913]
 [-0.92005168  0.17667826  0.34969943]]
t:
[-23.75316878  -7.37164029  15.9500039 ]

Camera 15:
R:
[[ 0.22548461 -0.26024956  0.93884336]
 [ 0.24251443  0.94832101  0.20463143]
 [-0.94358012  0.18154183  0.27694606]]
t:
[-23.96404425  -7.96893751  16.7462322 ]

Camera 16:
R:
[[ 0.09301691 -0.2934969   0.95142389]
 [ 0.22866011  0.9363232   0.26648343]
 [-0.96905233  0.19276522  0.15420492]]
t:
[-23.06495862  -8.78561111  18.9573398 ]

Camera 17:
R:
[[-0.03099013 -0.32213259  0.94618719]
 [ 0.19196709  0.9271003   0.32192183]
 [-0.98091195  0.1916132   0.0331079 ]]
t:
[-21.74500174  -9.04804965  21.30526818]

Camera 18:
R:
[[-0.15580248 -0.34471019  0.92568919]
 [ 0.18861324  0.90950887  0.37043037]
 [-0.96961365  0.2323112  -0.07668683]]
t:
[-20.27541659 -10.34038656  23.16092898]

Camera 19:
R:
[[-0.2783451  -0.36095476  0.89007621]
 [ 0.22610583  0.87603006  0.42596653]
 [-0.93348817  0.31981712 -0.1622247 ]]
t:
[-19.3988877  -12.90321042  24.65484641]

Camera 20:
R:
[[-0.3488653  -0.36031722  0.86513843]
 [ 0.21569257  0.86748434  0.44827184]
 [-0.9120141   0.34299042 -0.22491744]]
t:
[-18.98966247 -13.40603155  25.66637269]

Camera 21:
R:
[[-0.39480326 -0.36431263  0.84344928]
 [ 0.19523064  0.86379375  0.46448396]
 [-0.89778359  0.34804693 -0.2699036 ]]
t:
[-19.56895664 -13.10281135  26.38863376]

Camera 22:
R:
[[-0.48932111 -0.36660083  0.79130821]
 [ 0.18228679  0.84431962  0.50388084]
 [-0.85284018  0.39080457 -0.34631693]]
t:
[-17.75246266 -14.04747238  27.3026026 ]

Camera 23:
R:
[[-0.68085113 -0.35615976  0.63999372]
 [ 0.06964514  0.83836321  0.54064469]
 [-0.72910307  0.412671   -0.54599574]]
t:
[-11.02761725 -12.7857424   31.72211994]

Camera 24:
R:
[[-0.78183876 -0.34310422  0.52058394]
 [ 0.03647858  0.80836069  0.58755622]
 [-0.62241261  0.47836439 -0.61949176]]
t:
[ -6.58053946 -14.40891072  32.99207113]

Camera 25:
R:
[[-0.86029827 -0.32722837  0.39090725]
 [-0.00375793  0.77084883  0.63700704]
 [-0.50977717  0.54654705 -0.66438961]]
t:
[ -1.8865591  -15.59886352  33.23072494]

Camera 26:
R:
[[-0.89679188 -0.31213434  0.31358647]
 [-0.04301819  0.76689888  0.64032456]
 [-0.4403564   0.56074794 -0.70117614]]
t:
[  0.35098148 -15.14256205  34.02616807]

Camera 27:
R:
[[-0.94077152 -0.28159985  0.18881335]
 [-0.09544553  0.75435255  0.64949394]
 [-0.32532923  0.59300401 -0.73655084]]
t:
[  4.44151023 -14.79117003  33.91518548]

Camera 28:
R:
[[-0.95711475 -0.26559891  0.115709  ]
 [-0.13246639  0.75641142  0.64054229]
 [-0.25765094  0.59774492 -0.75915545]]
t:
[  6.33798488 -13.95312378  34.057401  ]

Camera 29:
R:
[[-0.96992553 -0.2416052   0.02951946]
 [-0.16997683  0.7591437   0.62833806]
 [-0.17421926  0.6044235  -0.77738014]]
t:
[  8.0120124  -13.02167154  34.15787877]

